 turn0 
 mask: 
 [0, 0, 0, 0, 0, 0, 0, 0, 0, 0, 0, 0, 0, 55.0, 0, 0, 0, 0, 0, 0, 0, 0, 0, 110.0, 0, 0, 0, 0, 0, 0, 0, 0, 110.0, 0, 0, 0, 0, 0, 0, 0, 0, 0, 0, 110.0, 0, 0, 0, 0, 0, 0, 0, 0, 0, 55.0, 0, 0, 0, 0, 0, 0, 0, 0, 0, 33.0, 0, 0, 0, 0, 0, 0, 0, 0, 0, 33.0, 0, 0, 0, 0, 0, 0, 0, 0, 0, 22.0, 0, 0, 0, 0, 0, 0, 0, 0, 0, 22.0, 0, 0, 0, 0, 0, 0] 
 probability: 
 [8, 11, 14, 15, 16, 16, 15, 14, 11, 8, 11, 14, 16, 17, 18, 18, 17, 16, 14, 11, 14, 16, 18, 19, 19, 19, 19, 18, 16, 14, 15, 17, 19, 20, 20, 20, 20, 19, 17, 15, 16, 18, 19, 20, 21, 21, 20, 19, 18, 16, 16, 18, 19, 20, 21, 21, 20, 19, 18, 16, 15, 17, 19, 20, 20, 20, 20, 19, 17, 15, 14, 16, 18, 19, 19, 19, 19, 18, 16, 14, 11, 14, 16, 17, 18, 18, 17, 16, 14, 11, 8, 11, 14, 15, 16, 16, 15, 14, 11, 8] 
 moves left: 
 [0, 1, 2, 3, 4, 5, 6, 7, 8, 9, 10, 11, 12, 14, 15, 16, 17, 18, 19, 20, 21, 22, 25, 26, 27, 28, 29, 30, 31, 37, 38, 39, 40, 41, 42, 47, 48, 49, 50, 51, 52, 57, 58, 59, 60, 61, 62, 70, 71, 72, 73, 74, 76, 77, 78, 79, 80, 81, 82, 83, 84, 85, 86, 87, 88, 89, 90, 91, 92, 93, 94, 95, 96, 97, 98, 99] 

 turn1 
 mask: 
 [0, 0, 0, 0, 0, 0, 0, 0, 0, 0, 0, 0, 0, 55.0, 0, 0, 0, 0, 0, 0, 0, 0, 0, 110.0, 0, 0, 0, 0, 0, 0, 0, 0, 110.0, 0, 0, 0, 0, 0, 0, 0, 0, 0, 0, 110.0, 0, 0, 0, 0, 0, 0, 0, 0, 0, 55.0, 0, 0, 0, 0, 0, 0, 0, 0, 0, 33.0, 0, 0, 0, 0, 0, 0, 0, 0, 0, 33.0, 0, 0, 0, 0, 0, 0, 0, 0, 0, 22.0, 0, 0, 0, 0, 0, 0, 0, 0, 0, 22.0, 0, 0, 0, 0, 0, 0] 
 probability: 
 [8, 11, 14, 15, 16, 16, 15, 14, 11, 8, 11, 14, 16, 17, 18, 18, 17, 16, 14, 11, 14, 16, 18, 19, 19, 19, 19, 18, 16, 14, 15, 17, 19, 20, 20, 20, 20, 19, 17, 15, 16, 18, 19, 20, 21, 21, 20, 19, 18, 16, 16, 18, 19, 20, 21, 21, 20, 19, 18, 16, 15, 17, 19, 20, 20, 20, 20, 19, 17, 15, 14, 16, 18, 19, 19, 19, 19, 18, 16, 14, 11, 14, 16, 17, 18, 18, 17, 16, 14, 11, 8, 11, 14, 15, 16, 16, 15, 14, 11, 8] 
 moves left: 
 [0, 1, 2, 3, 4, 5, 6, 7, 8, 9, 10, 11, 12, 14, 15, 16, 17, 18, 19, 20, 21, 22, 25, 26, 27, 28, 29, 30, 31, 37, 38, 39, 40, 41, 42, 47, 48, 49, 50, 51, 52, 57, 58, 59, 60, 61, 62, 70, 71, 72, 73, 74, 76, 77, 78, 79, 80, 81, 82, 83, 84, 85, 86, 87, 88, 89, 90, 91, 92, 93, 94, 95, 96, 97, 98, 99] 

 turn2 
 mask: 
 [0, 0, 0, 0, 0, 0, 0, 0, 0, 0, 0, 0, 0, 55.0, 0, 0, 0, 0, 0, 0, 0, 0, 0, 110.0, 0, 0, 0, 0, 0, 0, 0, 0, 110.0, 0, 0, 0, 0, 0, 0, 0, 0, 0, 0, 110.0, 0, 0, 0, 0, 0, 0, 0, 0, 0, 55.0, 0, 0, 0, 0, 0, 0, 0, 0, 0, 33.0, 0, 0, 0, 0, 0, 0, 0, 0, 0, 33.0, 0, 0, 0, 0, 0, 0, 0, 0, 0, 22.0, 0, 0, 0, 0, 0, 0, 0, 0, 0, 22.0, 0, 0, 0, 0, 0, 0] 
 probability: 
 [8, 11, 14, 15, 16, 16, 15, 14, 11, 8, 11, 14, 16, 17, 18, 18, 17, 16, 14, 11, 14, 16, 18, 19, 19, 19, 19, 18, 16, 14, 15, 17, 19, 20, 20, 20, 20, 19, 17, 15, 16, 18, 19, 20, 21, 21, 20, 19, 18, 16, 16, 18, 19, 20, 21, 21, 20, 19, 18, 16, 15, 17, 19, 20, 20, 20, 20, 19, 17, 15, 14, 16, 18, 19, 19, 19, 19, 18, 16, 14, 11, 14, 16, 17, 18, 18, 17, 16, 14, 11, 8, 11, 14, 15, 16, 16, 15, 14, 11, 8] 
 moves left: 
 [0, 1, 2, 3, 4, 5, 6, 7, 8, 9, 10, 11, 12, 14, 15, 16, 17, 18, 19, 20, 21, 22, 25, 26, 27, 28, 29, 30, 31, 37, 38, 39, 40, 41, 42, 47, 48, 49, 50, 51, 52, 57, 58, 59, 60, 61, 62, 70, 71, 72, 73, 74, 76, 77, 78, 79, 80, 81, 82, 83, 84, 85, 86, 87, 88, 89, 90, 91, 92, 93, 94, 95, 96, 97, 98, 99] 

 turn3 
 mask: 
 [0, 0, 0, 0, 0, 0, 0, 0, 0, 0, 0, 0, 0, 55.0, 0, 0, 0, 0, 0, 0, 0, 0, 0, 110.0, 0, 0, 0, 0, 0, 0, 0, 0, 110.0, 0, 0, 0, 0, 0, 0, 0, 0, 0, 0, 110.0, 0, 0, 0, 0, 0, 0, 0, 0, 0, 55.0, 0, 0, 0, 0, 0, 0, 0, 0, 0, 33.0, 0, 0, 0, 0, 0, 0, 0, 0, 0, 33.0, 0, 0, 0, 0, 0, 0, 0, 0, 0, 22.0, 0, 0, 0, 0, 0, 0, 0, 0, 0, 22.0, 0, 0, 0, 0, 0, 0] 
 probability: 
 [8, 11, 14, 15, 16, 16, 15, 14, 11, 8, 11, 14, 16, 17, 18, 18, 17, 16, 14, 11, 14, 16, 18, 19, 19, 19, 19, 18, 16, 14, 15, 17, 19, 20, 20, 20, 20, 19, 17, 15, 16, 18, 19, 20, 21, 21, 20, 19, 18, 16, 16, 18, 19, 20, 21, 21, 20, 19, 18, 16, 15, 17, 19, 20, 20, 20, 20, 19, 17, 15, 14, 16, 18, 19, 19, 19, 19, 18, 16, 14, 11, 14, 16, 17, 18, 18, 17, 16, 14, 11, 8, 11, 14, 15, 16, 16, 15, 14, 11, 8] 
 moves left: 
 [0, 1, 2, 3, 4, 5, 6, 7, 8, 9, 10, 11, 12, 14, 15, 16, 17, 18, 19, 20, 21, 22, 25, 26, 27, 28, 29, 30, 31, 37, 38, 39, 40, 41, 42, 47, 48, 49, 50, 51, 52, 57, 58, 59, 60, 61, 62, 70, 71, 72, 73, 74, 76, 77, 78, 79, 80, 81, 82, 83, 84, 85, 86, 87, 88, 89, 90, 91, 92, 93, 94, 95, 96, 97, 98, 99] 

 turn4 
 mask: 
 [0, 0, 0, 0, 0, 0, 0, 0, 0, 0, 0, 0, 0, 55.0, 0, 0, 0, 0, 0, 0, 0, 0, 0, 110.0, 0, 0, 0, 0, 0, 0, 0, 0, 110.0, 0, 0, 0, 0, 0, 0, 0, 0, 0, 0, 110.0, 0, 0, 0, 0, 0, 0, 0, 0, 0, 55.0, 0, 0, 0, 0, 0, 0, 0, 0, 0, 33.0, 0, 0, 0, 0, 0, 0, 0, 0, 0, 33.0, 0, 0, 0, 0, 0, 0, 0, 0, 0, 22.0, 0, 0, 0, 0, 0, 0, 0, 0, 0, 22.0, 0, 0, 0, 0, 0, 0] 
 probability: 
 [8, 11, 14, 15, 16, 16, 15, 14, 11, 8, 11, 14, 16, 17, 18, 18, 17, 16, 14, 11, 14, 16, 18, 19, 19, 19, 19, 18, 16, 14, 15, 17, 19, 20, 20, 20, 20, 19, 17, 15, 16, 18, 19, 20, 21, 21, 20, 19, 18, 16, 16, 18, 19, 20, 21, 21, 20, 19, 18, 16, 15, 17, 19, 20, 20, 20, 20, 19, 17, 15, 14, 16, 18, 19, 19, 19, 19, 18, 16, 14, 11, 14, 16, 17, 18, 18, 17, 16, 14, 11, 8, 11, 14, 15, 16, 16, 15, 14, 11, 8] 
 moves left: 
 [0, 1, 2, 3, 4, 5, 6, 7, 8, 9, 10, 11, 12, 14, 15, 16, 17, 18, 19, 20, 21, 22, 25, 26, 27, 28, 29, 30, 31, 37, 38, 39, 40, 41, 42, 47, 48, 49, 50, 51, 52, 57, 58, 59, 60, 61, 62, 70, 71, 72, 73, 74, 76, 77, 78, 79, 80, 81, 82, 83, 84, 85, 86, 87, 88, 89, 90, 91, 92, 93, 94, 95, 96, 97, 98, 99] 

 turn5 
 mask: 
 [0, 0, 0, 0, 0, 0, 0, 0, 0, 0, 0, 0, 0, 55.0, 0, 0, 0, 0, 0, 0, 0, 0, 0, 110.0, 0, 0, 0, 0, 0, 0, 0, 0, 110.0, 0, 0, 0, 0, 0, 0, 0, 0, 0, 0, 110.0, 0, 0, 0, 0, 0, 0, 0, 0, 0, 55.0, 0, 0, 0, 0, 0, 0, 0, 0, 0, 33.0, 0, 0, 0, 0, 0, 0, 0, 0, 0, 33.0, 0, 0, 0, 0, 0, 0, 0, 0, 0, 22.0, 0, 0, 0, 0, 0, 0, 0, 0, 0, 22.0, 0, 0, 0, 0, 0, 0] 
 probability: 
 [8, 11, 14, 15, 16, 16, 15, 14, 11, 8, 11, 14, 16, 17, 18, 18, 17, 16, 14, 11, 14, 16, 18, 19, 19, 19, 19, 18, 16, 14, 15, 17, 19, 20, 20, 20, 20, 19, 17, 15, 16, 18, 19, 20, 21, 21, 20, 19, 18, 16, 16, 18, 19, 20, 21, 21, 20, 19, 18, 16, 15, 17, 19, 20, 20, 20, 20, 19, 17, 15, 14, 16, 18, 19, 19, 19, 19, 18, 16, 14, 11, 14, 16, 17, 18, 18, 17, 16, 14, 11, 8, 11, 14, 15, 16, 16, 15, 14, 11, 8] 
 moves left: 
 [0, 1, 2, 3, 4, 5, 6, 7, 8, 9, 10, 11, 12, 14, 15, 16, 17, 18, 19, 20, 21, 22, 25, 26, 27, 28, 29, 30, 31, 37, 38, 39, 40, 41, 42, 47, 48, 49, 50, 51, 52, 57, 58, 59, 60, 61, 62, 70, 71, 72, 73, 74, 76, 77, 78, 79, 80, 81, 82, 83, 84, 85, 86, 87, 88, 89, 90, 91, 92, 93, 94, 95, 96, 97, 98, 99] 

 turn6 
 mask: 
 [0, 0, 0, 0, 0, 0, 0, 0, 0, 0, 0, 0, 0, 55.0, 0, 0, 0, 0, 0, 0, 0, 0, 0, 110.0, 0, 0, 0, 0, 0, 0, 0, 0, 110.0, 0, 0, 0, 0, 0, 0, 0, 0, 0, 0, 110.0, 0, 0, 0, 0, 0, 0, 0, 0, 0, 55.0, 0, 0, 0, 0, 0, 0, 0, 0, 0, 33.0, 0, 0, 0, 0, 0, 0, 0, 0, 0, 33.0, 0, 0, 0, 0, 0, 0, 0, 0, 0, 22.0, 0, 0, 0, 0, 0, 0, 0, 0, 0, 22.0, 0, 0, 0, 0, 0, 0] 
 probability: 
 [8, 11, 14, 15, 16, 16, 15, 14, 11, 8, 11, 14, 16, 17, 18, 18, 17, 16, 14, 11, 14, 16, 18, 19, 19, 19, 19, 18, 16, 14, 15, 17, 19, 20, 20, 20, 20, 19, 17, 15, 16, 18, 19, 20, 21, 21, 20, 19, 18, 16, 16, 18, 19, 20, 21, 21, 20, 19, 18, 16, 15, 17, 19, 20, 20, 20, 20, 19, 17, 15, 14, 16, 18, 19, 19, 19, 19, 18, 16, 14, 11, 14, 16, 17, 18, 18, 17, 16, 14, 11, 8, 11, 14, 15, 16, 16, 15, 14, 11, 8] 
 moves left: 
 [0, 1, 2, 3, 4, 5, 6, 7, 8, 9, 10, 11, 12, 14, 15, 16, 17, 18, 19, 20, 21, 22, 25, 26, 27, 28, 29, 30, 31, 37, 38, 39, 40, 41, 42, 47, 48, 49, 50, 51, 52, 57, 58, 59, 60, 61, 62, 70, 71, 72, 73, 74, 76, 77, 78, 79, 80, 81, 82, 83, 84, 85, 86, 87, 88, 89, 90, 91, 92, 93, 94, 95, 96, 97, 98, 99] 

 turn7 
 mask: 
 [0, 0, 0, 0, 0, 0, 0, 0, 0, 0, 0, 0, 0, 55.0, 0, 0, 0, 0, 0, 0, 0, 0, 0, 110.0, 0, 0, 0, 0, 0, 0, 0, 0, 110.0, 0, 0, 0, 0, 0, 0, 0, 0, 0, 0, 110.0, 0, 0, 0, 0, 0, 0, 0, 0, 0, 55.0, 0, 0, 0, 0, 0, 0, 0, 0, 0, 33.0, 0, 0, 0, 0, 0, 0, 0, 0, 0, 33.0, 0, 0, 0, 0, 0, 0, 0, 0, 0, 22.0, 0, 0, 0, 0, 0, 0, 0, 0, 0, 22.0, 0, 0, 0, 0, 0, 0] 
 probability: 
 [8, 11, 14, 15, 16, 16, 15, 14, 11, 8, 11, 14, 16, 17, 18, 18, 17, 16, 14, 11, 14, 16, 18, 19, 19, 19, 19, 18, 16, 14, 15, 17, 19, 20, 20, 20, 20, 19, 17, 15, 16, 18, 19, 20, 21, 21, 20, 19, 18, 16, 16, 18, 19, 20, 21, 21, 20, 19, 18, 16, 15, 17, 19, 20, 20, 20, 20, 19, 17, 15, 14, 16, 18, 19, 19, 19, 19, 18, 16, 14, 11, 14, 16, 17, 18, 18, 17, 16, 14, 11, 8, 11, 14, 15, 16, 16, 15, 14, 11, 8] 
 moves left: 
 [0, 1, 2, 3, 4, 5, 6, 7, 8, 9, 10, 11, 12, 14, 15, 16, 17, 18, 19, 20, 21, 22, 25, 26, 27, 28, 29, 30, 31, 37, 38, 39, 40, 41, 42, 47, 48, 49, 50, 51, 52, 57, 58, 59, 60, 61, 62, 70, 71, 72, 73, 74, 76, 77, 78, 79, 80, 81, 82, 83, 84, 85, 86, 87, 88, 89, 90, 91, 92, 93, 94, 95, 96, 97, 98, 99] 

 turn8 
 mask: 
 [0, 0, 0, 0, 0, 0, 0, 0, 0, 0, 0, 0, 0, 55.0, 0, 0, 0, 0, 0, 0, 0, 0, 0, 110.0, 0, 0, 0, 0, 0, 0, 0, 0, 110.0, 0, 0, 0, 0, 0, 0, 0, 0, 0, 0, 110.0, 0, 0, 0, 0, 0, 0, 0, 0, 0, 55.0, 0, 0, 0, 0, 0, 0, 0, 0, 0, 33.0, 0, 0, 0, 0, 0, 0, 0, 0, 0, 33.0, 0, 0, 0, 0, 0, 0, 0, 0, 0, 22.0, 0, 0, 0, 0, 0, 0, 0, 0, 0, 22.0, 0, 0, 0, 0, 0, 0] 
 probability: 
 [8, 11, 14, 15, 16, 16, 15, 14, 11, 8, 11, 14, 16, 17, 18, 18, 17, 16, 14, 11, 14, 16, 18, 19, 19, 19, 19, 18, 16, 14, 15, 17, 19, 20, 20, 20, 20, 19, 17, 15, 16, 18, 19, 20, 21, 21, 20, 19, 18, 16, 16, 18, 19, 20, 21, 21, 20, 19, 18, 16, 15, 17, 19, 20, 20, 20, 20, 19, 17, 15, 14, 16, 18, 19, 19, 19, 19, 18, 16, 14, 11, 14, 16, 17, 18, 18, 17, 16, 14, 11, 8, 11, 14, 15, 16, 16, 15, 14, 11, 8] 
 moves left: 
 [0, 1, 2, 3, 4, 5, 6, 7, 8, 9, 10, 11, 12, 14, 15, 16, 17, 18, 19, 20, 21, 22, 25, 26, 27, 28, 29, 30, 31, 37, 38, 39, 40, 41, 42, 47, 48, 49, 50, 51, 52, 57, 58, 59, 60, 61, 62, 70, 71, 72, 73, 74, 76, 77, 78, 79, 80, 81, 82, 83, 84, 85, 86, 87, 88, 89, 90, 91, 92, 93, 94, 95, 96, 97, 98, 99] 

 turn9 
 mask: 
 [0, 0, 0, 0, 0, 0, 0, 0, 0, 0, 0, 0, 0, 55.0, 0, 0, 0, 0, 0, 0, 0, 0, 0, 110.0, 0, 0, 0, 0, 0, 0, 0, 0, 110.0, 0, 0, 0, 0, 0, 0, 0, 0, 0, 0, 110.0, 0, 0, 0, 0, 0, 0, 0, 0, 0, 55.0, 0, 0, 0, 0, 0, 0, 0, 0, 0, 33.0, 0, 0, 0, 0, 0, 0, 0, 0, 0, 33.0, 0, 0, 0, 0, 0, 0, 0, 0, 0, 22.0, 0, 0, 0, 0, 0, 0, 0, 0, 0, 22.0, 0, 0, 0, 0, 0, 0] 
 probability: 
 [8, 11, 14, 15, 16, 16, 15, 14, 11, 8, 11, 14, 16, 17, 18, 18, 17, 16, 14, 11, 14, 16, 18, 19, 19, 19, 19, 18, 16, 14, 15, 17, 19, 20, 20, 20, 20, 19, 17, 15, 16, 18, 19, 20, 21, 21, 20, 19, 18, 16, 16, 18, 19, 20, 21, 21, 20, 19, 18, 16, 15, 17, 19, 20, 20, 20, 20, 19, 17, 15, 14, 16, 18, 19, 19, 19, 19, 18, 16, 14, 11, 14, 16, 17, 18, 18, 17, 16, 14, 11, 8, 11, 14, 15, 16, 16, 15, 14, 11, 8] 
 moves left: 
 [0, 1, 2, 3, 4, 5, 6, 7, 8, 9, 10, 11, 12, 14, 15, 16, 17, 18, 19, 20, 21, 22, 25, 26, 27, 28, 29, 30, 31, 37, 38, 39, 40, 41, 42, 47, 48, 49, 50, 51, 52, 57, 58, 59, 60, 61, 62, 70, 71, 72, 73, 74, 76, 77, 78, 79, 80, 81, 82, 83, 84, 85, 86, 87, 88, 89, 90, 91, 92, 93, 94, 95, 96, 97, 98, 99] 

 turn10 
 mask: 
 [0, 0, 0, 0, 0, 0, 0, 0, 0, 0, 0, 0, 0, 55.0, 0, 0, 0, 0, 0, 0, 0, 0, 0, 110.0, 0, 0, 0, 0, 0, 0, 0, 0, 110.0, 0, 0, 0, 0, 0, 0, 0, 0, 0, 0, 110.0, 0, 0, 0, 0, 0, 0, 0, 0, 0, 55.0, 0, 0, 0, 0, 0, 0, 0, 0, 0, 33.0, 0, 0, 0, 0, 0, 0, 0, 0, 0, 33.0, 0, 0, 0, 0, 0, 0, 0, 0, 0, 22.0, 0, 0, 0, 0, 0, 0, 0, 0, 0, 22.0, 0, 0, 0, 0, 0, 0] 
 probability: 
 [8, 11, 14, 15, 16, 16, 15, 14, 11, 8, 11, 14, 16, 17, 18, 18, 17, 16, 14, 11, 14, 16, 18, 19, 19, 19, 19, 18, 16, 14, 15, 17, 19, 20, 20, 20, 20, 19, 17, 15, 16, 18, 19, 20, 21, 21, 20, 19, 18, 16, 16, 18, 19, 20, 21, 21, 20, 19, 18, 16, 15, 17, 19, 20, 20, 20, 20, 19, 17, 15, 14, 16, 18, 19, 19, 19, 19, 18, 16, 14, 11, 14, 16, 17, 18, 18, 17, 16, 14, 11, 8, 11, 14, 15, 16, 16, 15, 14, 11, 8] 
 moves left: 
 [0, 1, 2, 3, 4, 5, 6, 7, 8, 9, 10, 11, 12, 14, 15, 16, 17, 18, 19, 20, 21, 22, 25, 26, 27, 28, 29, 30, 31, 37, 38, 39, 40, 41, 42, 47, 48, 49, 50, 51, 52, 57, 58, 59, 60, 61, 62, 70, 71, 72, 73, 74, 76, 77, 78, 79, 80, 81, 82, 83, 84, 85, 86, 87, 88, 89, 90, 91, 92, 93, 94, 95, 96, 97, 98, 99] 

 turn11 
 mask: 
 [0, 0, 0, 0, 0, 0, 0, 0, 0, 0, 0, 0, 0, 55.0, 0, 0, 0, 0, 0, 0, 0, 0, 0, 110.0, 0, 0, 0, 0, 0, 0, 0, 0, 110.0, 0, 0, 0, 0, 0, 0, 0, 0, 0, 0, 110.0, 0, 0, 0, 0, 0, 0, 0, 0, 0, 55.0, 0, 0, 0, 0, 0, 0, 0, 0, 0, 33.0, 0, 0, 0, 0, 0, 0, 0, 0, 0, 33.0, 0, 0, 0, 0, 0, 0, 0, 0, 0, 22.0, 0, 0, 0, 0, 0, 0, 0, 0, 0, 22.0, 0, 0, 0, 0, 0, 0] 
 probability: 
 [8, 11, 14, 15, 16, 16, 15, 14, 11, 8, 11, 14, 16, 17, 18, 18, 17, 16, 14, 11, 14, 16, 18, 19, 19, 19, 19, 18, 16, 14, 15, 17, 19, 20, 20, 20, 20, 19, 17, 15, 16, 18, 19, 20, 21, 21, 20, 19, 18, 16, 16, 18, 19, 20, 21, 21, 20, 19, 18, 16, 15, 17, 19, 20, 20, 20, 20, 19, 17, 15, 14, 16, 18, 19, 19, 19, 19, 18, 16, 14, 11, 14, 16, 17, 18, 18, 17, 16, 14, 11, 8, 11, 14, 15, 16, 16, 15, 14, 11, 8] 
 moves left: 
 [0, 1, 2, 3, 4, 5, 6, 7, 8, 9, 10, 11, 12, 14, 15, 16, 17, 18, 19, 20, 21, 22, 25, 26, 27, 28, 29, 30, 31, 37, 38, 39, 40, 41, 42, 47, 48, 49, 50, 51, 52, 57, 58, 59, 60, 61, 62, 70, 71, 72, 73, 74, 76, 77, 78, 79, 80, 81, 82, 83, 84, 85, 86, 87, 88, 89, 90, 91, 92, 93, 94, 95, 96, 97, 98, 99] 

 turn12 
 mask: 
 [0, 0, 0, 0, 0, 0, 0, 0, 0, 0, 0, 0, 0, 0, 0, 0, 0, 0, 0, 0, 0, 0, 0, 0, 0, 0, 0, 0, 0, 0, 0, 0, 0, 0, 0, 0, 0, 0, 0, 0, 0, 0, 0, 0, 0, 0, 0, 0, 0, 0, 0, 0, 0, 0, 0, 110.0, 0, 0, 0, 0, 0, 0, 0, 0, 110.0, 0, 110.0, 55.0, 33.0, 33.0, 0, 0, 0, 0, 0, 0, 0, 0, 0, 0, 0, 0, 0, 0, 0, 0, 0, 0, 0, 0, 0, 0, 0, 0, 0, 0, 0, 0, 0, 0] 
 probability: 
 [8, 11, 14, 15, 16, 16, 15, 14, 11, 8, 11, 14, 16, 17, 18, 18, 17, 16, 14, 11, 14, 16, 18, 19, 19, 19, 19, 18, 16, 14, 15, 17, 19, 20, 20, 20, 20, 19, 17, 15, 16, 18, 19, 20, 21, 21, 20, 19, 18, 16, 16, 18, 19, 20, 21, 21, 20, 19, 18, 16, 15, 17, 19, 20, 20, 20, 20, 19, 17, 15, 14, 16, 18, 19, 19, 19, 19, 18, 16, 14, 11, 14, 16, 17, 18, 18, 17, 16, 14, 11, 8, 11, 14, 15, 16, 16, 15, 14, 11, 8] 
 moves left: 
 [0, 1, 2, 3, 4, 5, 6, 7, 8, 9, 10, 11, 12, 14, 15, 16, 17, 18, 19, 20, 21, 22, 25, 26, 27, 28, 29, 30, 31, 37, 38, 39, 40, 41, 42, 47, 48, 49, 50, 51, 52, 57, 58, 59, 60, 61, 62, 70, 71, 72, 73, 74, 76, 77, 78, 79, 80, 81, 82, 83, 84, 85, 86, 87, 88, 89, 90, 91, 92, 93, 94, 95, 96, 97, 98, 99] 

 turn13 
 mask: 
 [0, 0, 0, 0, 0, 0, 0, 0, 0, 0, 0, 0, 0, 0, 0, 0, 0, 0, 0, 0, 0, 0, 0, 0, 0, 0, 0, 0, 0, 0, 0, 0, 0, 0, 0, 0, 0, 0, 0, 0, 0, 0, 0, 0, 0, 0, 0, 0, 0, 0, 0, 0, 0, 0, 0, 110.0, 0, 0, 0, 0, 0, 0, 0, 0, 110.0, 0, 110.0, 55.0, 33.0, 33.0, 0, 0, 0, 0, 0, 0, 0, 0, 0, 0, 0, 0, 0, 0, 0, 0, 0, 0, 0, 0, 0, 0, 0, 0, 0, 0, 0, 0, 0, 0] 
 probability: 
 [8, 11, 14, 15, 16, 16, 15, 14, 11, 8, 11, 14, 16, 17, 18, 18, 17, 16, 14, 11, 14, 16, 18, 19, 19, 19, 19, 18, 16, 14, 15, 17, 19, 20, 20, 20, 20, 19, 17, 15, 16, 18, 19, 20, 21, 21, 20, 19, 18, 16, 16, 18, 19, 20, 21, 21, 20, 19, 18, 16, 15, 17, 19, 20, 20, 20, 20, 19, 17, 15, 14, 16, 18, 19, 19, 19, 19, 18, 16, 14, 11, 14, 16, 17, 18, 18, 17, 16, 14, 11, 8, 11, 14, 15, 16, 16, 15, 14, 11, 8] 
 moves left: 
 [0, 1, 2, 3, 4, 5, 6, 7, 8, 9, 10, 11, 12, 14, 15, 16, 17, 18, 19, 20, 21, 22, 25, 26, 27, 28, 29, 30, 31, 37, 38, 39, 40, 41, 42, 47, 48, 49, 50, 51, 52, 57, 58, 59, 60, 61, 62, 70, 71, 72, 73, 74, 76, 77, 78, 79, 80, 81, 82, 83, 84, 85, 86, 87, 88, 89, 90, 91, 92, 93, 94, 95, 96, 97, 98, 99] 

 turn14 
 mask: 
 [0, 0, 0, 0, 0, 0, 0, 0, 0, 0, 0, 0, 0, 0, 0, 0, 0, 0, 0, 0, 0, 0, 0, 0, 0, 0, 0, 0, 0, 0, 0, 0, 0, 0, 0, 0, 0, 0, 0, 0, 0, 0, 0, 0, 0, 0, 0, 0, 0, 0, 0, 0, 0, 0, 0, 110.0, 0, 0, 0, 0, 0, 0, 0, 0, 110.0, 0, 110.0, 55.0, 33.0, 33.0, 0, 0, 0, 0, 0, 0, 0, 0, 0, 0, 0, 0, 0, 0, 0, 0, 0, 0, 0, 0, 0, 0, 0, 0, 0, 0, 0, 0, 0, 0] 
 probability: 
 [8, 11, 14, 15, 16, 16, 15, 14, 11, 8, 11, 14, 16, 17, 18, 18, 17, 16, 14, 11, 14, 16, 18, 19, 19, 19, 19, 18, 16, 14, 15, 17, 19, 20, 20, 20, 20, 19, 17, 15, 16, 18, 19, 20, 21, 21, 20, 19, 18, 16, 16, 18, 19, 20, 21, 21, 20, 19, 18, 16, 15, 17, 19, 20, 20, 20, 20, 19, 17, 15, 14, 16, 18, 19, 19, 19, 19, 18, 16, 14, 11, 14, 16, 17, 18, 18, 17, 16, 14, 11, 8, 11, 14, 15, 16, 16, 15, 14, 11, 8] 
 moves left: 
 [0, 1, 2, 3, 4, 5, 6, 7, 8, 9, 10, 11, 12, 14, 15, 16, 17, 18, 19, 20, 21, 22, 25, 26, 27, 28, 29, 30, 31, 37, 38, 39, 40, 41, 42, 47, 48, 49, 50, 51, 52, 57, 58, 59, 60, 61, 62, 70, 71, 72, 73, 74, 76, 77, 78, 79, 80, 81, 82, 83, 84, 85, 86, 87, 88, 89, 90, 91, 92, 93, 94, 95, 96, 97, 98, 99] 

 turn15 
 mask: 
 [0, 0, 0, 0, 0, 0, 0, 0, 0, 0, 0, 0, 0, 0, 0, 0, 0, 0, 0, 0, 0, 0, 0, 0, 0, 0, 0, 0, 0, 0, 0, 0, 0, 0, 0, 0, 0, 0, 0, 0, 0, 0, 0, 0, 0, 0, 0, 0, 0, 0, 0, 0, 0, 0, 0, 110.0, 0, 0, 0, 0, 0, 0, 0, 0, 110.0, 0, 110.0, 55.0, 33.0, 33.0, 0, 0, 0, 0, 0, 0, 0, 0, 0, 0, 0, 0, 0, 0, 0, 0, 0, 0, 0, 0, 0, 0, 0, 0, 0, 0, 0, 0, 0, 0] 
 probability: 
 [8, 11, 14, 15, 16, 16, 15, 14, 11, 8, 11, 14, 16, 17, 18, 18, 17, 16, 14, 11, 14, 16, 18, 19, 19, 19, 19, 18, 16, 14, 15, 17, 19, 20, 20, 20, 20, 19, 17, 15, 16, 18, 19, 20, 21, 21, 20, 19, 18, 16, 16, 18, 19, 20, 21, 21, 20, 19, 18, 16, 15, 17, 19, 20, 20, 20, 20, 19, 17, 15, 14, 16, 18, 19, 19, 19, 19, 18, 16, 14, 11, 14, 16, 17, 18, 18, 17, 16, 14, 11, 8, 11, 14, 15, 16, 16, 15, 14, 11, 8] 
 moves left: 
 [0, 1, 2, 3, 4, 5, 6, 7, 8, 9, 10, 11, 12, 14, 15, 16, 17, 18, 19, 20, 21, 22, 25, 26, 27, 28, 29, 30, 31, 37, 38, 39, 40, 41, 42, 47, 48, 49, 50, 51, 52, 57, 58, 59, 60, 61, 62, 70, 71, 72, 73, 74, 76, 77, 78, 79, 80, 81, 82, 83, 84, 85, 86, 87, 88, 89, 90, 91, 92, 93, 94, 95, 96, 97, 98, 99] 

 turn16 
 mask: 
 [0, 0, 0, 0, 0, 0, 0, 0, 0, 0, 0, 0, 0, 0, 0, 0, 0, 0, 0, 0, 0, 0, 0, 0, 0, 0, 0, 0, 0, 0, 0, 0, 0, 0, 0, 0, 0, 0, 0, 0, 0, 0, 0, 0, 0, 0, 0, 0, 0, 0, 0, 0, 0, 0, 0, 110.0, 0, 0, 0, 0, 0, 0, 0, 0, 110.0, 0, 110.0, 55.0, 33.0, 33.0, 0, 0, 0, 0, 0, 0, 0, 0, 0, 0, 0, 0, 0, 0, 0, 0, 0, 0, 0, 0, 0, 0, 0, 0, 0, 0, 0, 0, 0, 0] 
 probability: 
 [8, 11, 14, 15, 16, 16, 15, 14, 11, 8, 11, 14, 16, 17, 18, 18, 17, 16, 14, 11, 14, 16, 18, 19, 19, 19, 19, 18, 16, 14, 15, 17, 19, 20, 20, 20, 20, 19, 17, 15, 16, 18, 19, 20, 21, 21, 20, 19, 18, 16, 16, 18, 19, 20, 21, 21, 20, 19, 18, 16, 15, 17, 19, 20, 20, 20, 20, 19, 17, 15, 14, 16, 18, 19, 19, 19, 19, 18, 16, 14, 11, 14, 16, 17, 18, 18, 17, 16, 14, 11, 8, 11, 14, 15, 16, 16, 15, 14, 11, 8] 
 moves left: 
 [0, 1, 2, 3, 4, 5, 6, 7, 8, 9, 10, 11, 12, 14, 15, 16, 17, 18, 19, 20, 21, 22, 25, 26, 27, 28, 29, 30, 31, 37, 38, 39, 40, 41, 42, 47, 48, 49, 50, 51, 52, 57, 58, 59, 60, 61, 62, 70, 71, 72, 73, 74, 76, 77, 78, 79, 80, 81, 82, 83, 84, 85, 86, 87, 88, 89, 90, 91, 92, 93, 94, 95, 96, 97, 98, 99] 

 turn17 
 mask: 
 [0, 0, 0, 0, 0, 0, 0, 0, 0, 0, 0, 0, 0, 0, 0, 0, 0, 0, 0, 0, 0, 0, 0, 0, 0, 0, 0, 0, 0, 0, 0, 0, 0, 0, 0, 0, 0, 0, 0, 0, 0, 0, 0, 0, 0, 0, 0, 0, 0, 0, 0, 0, 0, 0, 0, 110.0, 0, 0, 0, 0, 0, 0, 0, 0, 110.0, 0, 110.0, 55.0, 33.0, 33.0, 0, 0, 0, 0, 0, 0, 0, 0, 0, 0, 0, 0, 0, 0, 0, 0, 0, 0, 0, 0, 0, 0, 0, 0, 0, 0, 0, 0, 0, 0] 
 probability: 
 [8, 11, 14, 15, 16, 16, 15, 14, 11, 8, 11, 14, 16, 17, 18, 18, 17, 16, 14, 11, 14, 16, 18, 19, 19, 19, 19, 18, 16, 14, 15, 17, 19, 20, 20, 20, 20, 19, 17, 15, 16, 18, 19, 20, 21, 21, 20, 19, 18, 16, 16, 18, 19, 20, 21, 21, 20, 19, 18, 16, 15, 17, 19, 20, 20, 20, 20, 19, 17, 15, 14, 16, 18, 19, 19, 19, 19, 18, 16, 14, 11, 14, 16, 17, 18, 18, 17, 16, 14, 11, 8, 11, 14, 15, 16, 16, 15, 14, 11, 8] 
 moves left: 
 [0, 1, 2, 3, 4, 5, 6, 7, 8, 9, 10, 11, 12, 14, 15, 16, 17, 18, 19, 20, 21, 22, 25, 26, 27, 28, 29, 30, 31, 37, 38, 39, 40, 41, 42, 47, 48, 49, 50, 51, 52, 57, 58, 59, 60, 61, 62, 70, 71, 72, 73, 74, 76, 77, 78, 79, 80, 81, 82, 83, 84, 85, 86, 87, 88, 89, 90, 91, 92, 93, 94, 95, 96, 97, 98, 99] 

 turn18 
 mask: 
 [0, 0, 0, 0, 0, 0, 0, 0, 0, 0, 0, 0, 0, 0, 0, 0, 0, 0, 0, 0, 0, 0, 0, 0, 0, 0, 0, 0, 0, 0, 0, 0, 0, 0, 0, 0, 0, 0, 0, 0, 0, 0, 0, 0, 0, 0, 0, 0, 0, 0, 0, 0, 0, 0, 0, 110.0, 0, 0, 0, 0, 0, 0, 0, 0, 110.0, 0, 110.0, 55.0, 33.0, 33.0, 0, 0, 0, 0, 0, 0, 0, 0, 0, 0, 0, 0, 0, 0, 0, 0, 0, 0, 0, 0, 0, 0, 0, 0, 0, 0, 0, 0, 0, 0] 
 probability: 
 [8, 11, 14, 15, 16, 16, 15, 14, 11, 8, 11, 14, 16, 17, 18, 18, 17, 16, 14, 11, 14, 16, 18, 19, 19, 19, 19, 18, 16, 14, 15, 17, 19, 20, 20, 20, 20, 19, 17, 15, 16, 18, 19, 20, 21, 21, 20, 19, 18, 16, 16, 18, 19, 20, 21, 21, 20, 19, 18, 16, 15, 17, 19, 20, 20, 20, 20, 19, 17, 15, 14, 16, 18, 19, 19, 19, 19, 18, 16, 14, 11, 14, 16, 17, 18, 18, 17, 16, 14, 11, 8, 11, 14, 15, 16, 16, 15, 14, 11, 8] 
 moves left: 
 [0, 1, 2, 3, 4, 5, 6, 7, 8, 9, 10, 11, 12, 14, 15, 16, 17, 18, 19, 20, 21, 22, 25, 26, 27, 28, 29, 30, 31, 37, 38, 39, 40, 41, 42, 47, 48, 49, 50, 51, 52, 57, 58, 59, 60, 61, 62, 70, 71, 72, 73, 74, 76, 77, 78, 79, 80, 81, 82, 83, 84, 85, 86, 87, 88, 89, 90, 91, 92, 93, 94, 95, 96, 97, 98, 99] 

 turn19 
 mask: 
 [0, 0, 0, 0, 0, 0, 0, 0, 0, 0, 0, 0, 0, 0, 0, 0, 0, 0, 0, 0, 0, 0, 0, 0, 0, 0, 0, 0, 0, 0, 0, 0, 0, 0, 0, 0, 0, 0, 0, 0, 0, 0, 0, 0, 0, 0, 0, 0, 0, 0, 0, 0, 0, 0, 0, 110.0, 0, 0, 0, 0, 0, 0, 0, 0, 110.0, 0, 110.0, 55.0, 33.0, 33.0, 0, 0, 0, 0, 0, 0, 0, 0, 0, 0, 0, 0, 0, 0, 0, 0, 0, 0, 0, 0, 0, 0, 0, 0, 0, 0, 0, 0, 0, 0] 
 probability: 
 [8, 11, 14, 15, 16, 16, 15, 14, 11, 8, 11, 14, 16, 17, 18, 18, 17, 16, 14, 11, 14, 16, 18, 19, 19, 19, 19, 18, 16, 14, 15, 17, 19, 20, 20, 20, 20, 19, 17, 15, 16, 18, 19, 20, 21, 21, 20, 19, 18, 16, 16, 18, 19, 20, 21, 21, 20, 19, 18, 16, 15, 17, 19, 20, 20, 20, 20, 19, 17, 15, 14, 16, 18, 19, 19, 19, 19, 18, 16, 14, 11, 14, 16, 17, 18, 18, 17, 16, 14, 11, 8, 11, 14, 15, 16, 16, 15, 14, 11, 8] 
 moves left: 
 [0, 1, 2, 3, 4, 5, 6, 7, 8, 9, 10, 11, 12, 14, 15, 16, 17, 18, 19, 20, 21, 22, 25, 26, 27, 28, 29, 30, 31, 37, 38, 39, 40, 41, 42, 47, 48, 49, 50, 51, 52, 57, 58, 59, 60, 61, 62, 70, 71, 72, 73, 74, 76, 77, 78, 79, 80, 81, 82, 83, 84, 85, 86, 87, 88, 89, 90, 91, 92, 93, 94, 95, 96, 97, 98, 99] 

 turn20 
 mask: 
 [0, 0, 0, 0, 0, 0, 0, 0, 0, 0, 0, 0, 0, 0, 0, 0, 0, 0, 0, 0, 0, 0, 0, 0, 0, 0, 0, 0, 0, 0, 0, 0, 0, 0, 0, 0, 0, 0, 0, 0, 0, 0, 0, 0, 0, 0, 0, 0, 0, 0, 0, 0, 0, 0, 0, 110.0, 0, 0, 0, 0, 0, 0, 0, 0, 110.0, 0, 110.0, 55.0, 33.0, 33.0, 0, 0, 0, 0, 0, 0, 0, 0, 0, 0, 0, 0, 0, 0, 0, 0, 0, 0, 0, 0, 0, 0, 0, 0, 0, 0, 0, 0, 0, 0] 
 probability: 
 [8, 11, 14, 15, 16, 16, 15, 14, 11, 8, 11, 14, 16, 17, 18, 18, 17, 16, 14, 11, 14, 16, 18, 19, 19, 19, 19, 18, 16, 14, 15, 17, 19, 20, 20, 20, 20, 19, 17, 15, 16, 18, 19, 20, 21, 21, 20, 19, 18, 16, 16, 18, 19, 20, 21, 21, 20, 19, 18, 16, 15, 17, 19, 20, 20, 20, 20, 19, 17, 15, 14, 16, 18, 19, 19, 19, 19, 18, 16, 14, 11, 14, 16, 17, 18, 18, 17, 16, 14, 11, 8, 11, 14, 15, 16, 16, 15, 14, 11, 8] 
 moves left: 
 [0, 1, 2, 3, 4, 5, 6, 7, 8, 9, 10, 11, 12, 14, 15, 16, 17, 18, 19, 20, 21, 22, 25, 26, 27, 28, 29, 30, 31, 37, 38, 39, 40, 41, 42, 47, 48, 49, 50, 51, 52, 57, 58, 59, 60, 61, 62, 70, 71, 72, 73, 74, 76, 77, 78, 79, 80, 81, 82, 83, 84, 85, 86, 87, 88, 89, 90, 91, 92, 93, 94, 95, 96, 97, 98, 99] 

 turn21 
 mask: 
 [0, 0, 0, 0, 0, 0, 0, 0, 0, 0, 0, 0, 0, 0, 0, 0, 0, 0, 0, 0, 0, 0, 0, 0, 0, 0, 0, 0, 0, 0, 0, 0, 0, 0, 0, 0, 0, 0, 0, 0, 0, 0, 0, 0, 0, 0, 0, 0, 0, 0, 0, 0, 0, 0, 0, 110.0, 0, 0, 0, 0, 0, 0, 0, 0, 110.0, 0, 110.0, 55.0, 33.0, 33.0, 0, 0, 0, 0, 0, 0, 0, 0, 0, 0, 0, 0, 0, 0, 0, 0, 0, 0, 0, 0, 0, 0, 0, 0, 0, 0, 0, 0, 0, 0] 
 probability: 
 [8, 11, 14, 15, 16, 16, 15, 14, 11, 8, 11, 14, 16, 17, 18, 18, 17, 16, 14, 11, 14, 16, 18, 19, 19, 19, 19, 18, 16, 14, 15, 17, 19, 20, 20, 20, 20, 19, 17, 15, 16, 18, 19, 20, 21, 21, 20, 19, 18, 16, 16, 18, 19, 20, 21, 21, 20, 19, 18, 16, 15, 17, 19, 20, 20, 20, 20, 19, 17, 15, 14, 16, 18, 19, 19, 19, 19, 18, 16, 14, 11, 14, 16, 17, 18, 18, 17, 16, 14, 11, 8, 11, 14, 15, 16, 16, 15, 14, 11, 8] 
 moves left: 
 [0, 1, 2, 3, 4, 5, 6, 7, 8, 9, 10, 11, 12, 14, 15, 16, 17, 18, 19, 20, 21, 22, 25, 26, 27, 28, 29, 30, 31, 37, 38, 39, 40, 41, 42, 47, 48, 49, 50, 51, 52, 57, 58, 59, 60, 61, 62, 70, 71, 72, 73, 74, 76, 77, 78, 79, 80, 81, 82, 83, 84, 85, 86, 87, 88, 89, 90, 91, 92, 93, 94, 95, 96, 97, 98, 99] 

 turn22 
 mask: 
 [0, 0, 0, 0, 0, 0, 0, 0, 0, 0, 0, 0, 0, 0, 0, 0, 0, 0, 0, 0, 0, 0, 0, 0, 0, 0, 0, 0, 0, 0, 0, 0, 0, 0, 0, 0, 0, 0, 0, 0, 0, 0, 0, 0, 0, 0, 0, 0, 0, 0, 0, 0, 0, 0, 0, 110.0, 0, 0, 0, 0, 0, 0, 0, 0, 110.0, 0, 110.0, 55.0, 33.0, 33.0, 0, 0, 0, 0, 0, 0, 0, 0, 0, 0, 0, 0, 0, 0, 0, 0, 0, 0, 0, 0, 0, 0, 0, 0, 0, 0, 0, 0, 0, 0] 
 probability: 
 [8, 11, 14, 15, 16, 16, 15, 14, 11, 8, 11, 14, 16, 17, 18, 18, 17, 16, 14, 11, 14, 16, 18, 19, 19, 19, 19, 18, 16, 14, 15, 17, 19, 20, 20, 20, 20, 19, 17, 15, 16, 18, 19, 20, 21, 21, 20, 19, 18, 16, 16, 18, 19, 20, 21, 21, 20, 19, 18, 16, 15, 17, 19, 20, 20, 20, 20, 19, 17, 15, 14, 16, 18, 19, 19, 19, 19, 18, 16, 14, 11, 14, 16, 17, 18, 18, 17, 16, 14, 11, 8, 11, 14, 15, 16, 16, 15, 14, 11, 8] 
 moves left: 
 [0, 1, 2, 3, 4, 5, 6, 7, 8, 9, 10, 11, 12, 14, 15, 16, 17, 18, 19, 20, 21, 22, 25, 26, 27, 28, 29, 30, 31, 37, 38, 39, 40, 41, 42, 47, 48, 49, 50, 51, 52, 57, 58, 59, 60, 61, 62, 70, 71, 72, 73, 74, 76, 77, 78, 79, 80, 81, 82, 83, 84, 85, 86, 87, 88, 89, 90, 91, 92, 93, 94, 95, 96, 97, 98, 99] 

 turn23 
 mask: 
 [0, 0, 0, 0, 0, 0, 0, 0, 0, 0, 0, 0, 0, 0, 0, 0, 0, 0, 0, 0, 0, 0, 0, 0, 0, 0, 0, 0, 0, 0, 0, 0, 0, 0, 0, 0, 0, 0, 0, 0, 0, 0, 0, 0, 0, 0, 0, 0, 0, 0, 0, 0, 0, 0, 0, 0, 0, 0, 0, 0, 0, 0, 0, 0, 0, 0, 0, 0, 0, 0, 0, 0, 0, 0, 0, 0, 0, 0, 0, 0, 0, 0, 0, 0, 0, 0, 0, 0, 0, 0, 0, 0, 0, 0, 0, 0, 0, 0, 0, 0] 
 probability: 
 [8, 11, 14, 15, 16, 16, 15, 14, 11, 8, 11, 14, 16, 17, 18, 18, 17, 16, 14, 11, 14, 16, 18, 19, 19, 19, 19, 18, 16, 14, 15, 17, 19, 20, 20, 20, 20, 19, 17, 15, 16, 18, 19, 20, 21, 21, 20, 19, 18, 16, 16, 18, 19, 20, 21, 21, 20, 19, 18, 16, 15, 17, 19, 20, 20, 20, 20, 19, 17, 15, 14, 16, 18, 19, 19, 19, 19, 18, 16, 14, 11, 14, 16, 17, 18, 18, 17, 16, 14, 11, 8, 11, 14, 15, 16, 16, 15, 14, 11, 8] 
 moves left: 
 [0, 1, 2, 3, 4, 5, 6, 7, 8, 9, 10, 11, 12, 14, 15, 16, 17, 18, 19, 20, 21, 22, 25, 26, 27, 28, 29, 30, 31, 37, 38, 39, 40, 41, 42, 47, 48, 49, 50, 51, 52, 57, 58, 59, 60, 61, 62, 70, 71, 72, 73, 74, 76, 77, 78, 79, 80, 81, 82, 83, 84, 85, 86, 87, 88, 89, 90, 91, 92, 93, 94, 95, 96, 97, 98, 99] 

